<?xml version="1.0" encoding="utf-8"?>
<COLLADA xmlns="http://www.collada.org/2005/11/COLLADASchema" version="1.4.1">
  <asset />
  <library_images />
  <library_geometries />
  <library_controllers />
  <library_visual_scenes>
    <visual_scene id="Scene" name="Scene">
      <node id="Armature" name="Armature" type="NODE">
        <matrix sid="transform">1 0 0 0 0 1 0 0 0 0 1 0 0 0 0 1</matrix>
        <node id="Armature_Fld_Carousel00_LightNode" name="Fld_Carousel00_LightNode" sid="Fld_Carousel00_LightNode" type="JOINT">
          <matrix sid="transform">1 0 0 0 0 1 0 0 0 0 1 0 0 0 0 1</matrix>
          <node id="Armature_DV" name="DV" sid="DV" type="JOINT">
            <matrix sid="transform">1 0 0 0 0 1 0 0 0 0 1 0 0 0 0 1</matrix>
            <node id="Armature__Dynamic" name="_Dynamic" sid="_Dynamic" type="JOINT">
              <matrix sid="transform">1 0 0 0 0 1 0 0 0 0 1 0 0 0 0 1</matrix>
              <node id="Armature_dynamic_fFLight01" name="dynamic_fFLight01" sid="dynamic_fFLight01" type="JOINT">
                <matrix sid="transform">1 0 0 127 0 1 0 259.7755 0 0 1 1504 0 0 0 1</matrix>
              </node>
              <node id="Armature_dynamic_fFLight02" name="dynamic_fFLight02" sid="dynamic_fFLight02" type="JOINT">
                <matrix sid="transform">0.7071067 0 0.7071069 1005 0 1 0 457 -0.7071069 0 0.7071067 804 0 0 0 1</matrix>
              </node>
              <node id="Armature_dynamic_fWLight01" name="dynamic_fWLight01" sid="dynamic_fWLight01" type="JOINT">
                <matrix sid="transform">1 0 0 -1490 0 1 0 280 0 0 1 854 0 0 0 1</matrix>
              </node>
              <node id="Armature_dynamic_mGRLight01" name="dynamic_mGRLight01" sid="dynamic_mGRLight01" type="JOINT">
                <matrix sid="transform">1 0 0 -375.5 0 1 0 278 0 0 1 1165 0 0 0 1</matrix>
              </node>
            </node>
            <node id="Armature_bottomLightSet" name="bottomLightSet" sid="bottomLightSet" type="JOINT">
              <matrix sid="transform">1 0 0 0 0 1 0 0 0 0 1 0 0 0 0 1</matrix>
              <node id="Armature_bottomLight05" name="bottomLight05" sid="bottomLight05" type="JOINT">
                <matrix sid="transform">1 0 0 -74 0 1 0 325 0 0 1 1682.5 0 0 0 1</matrix>
              </node>
              <node id="Armature_bottomLight06" name="bottomLight06" sid="bottomLight06" type="JOINT">
                <matrix sid="transform">1 0 0 202.5 0 1 0 325 0 0 1 1497.5 0 0 0 1</matrix>
              </node>
            </node>
            <node id="Armature_kanbanLightSet" name="kanbanLightSet" sid="kanbanLightSet" type="JOINT">
              <matrix sid="transform">1 0 0 0 0 1 0 0 0 0 1 0 0 0 0 1</matrix>
              <node id="Armature_kanbanLight01" name="kanbanLight01" sid="kanbanLight01" type="JOINT">
                <matrix sid="transform">2.514571E-07 1 -2.235174E-08 141.9 -0.9848077 2.514571E-07 0.1736481 214.5134 0.1736481 -2.235174E-08 0.9848077 708.1926 0 0 0 1</matrix>
              </node>
              <node id="Armature_kanbanLight010" name="kanbanLight010" sid="kanbanLight010" type="JOINT">
                <matrix sid="transform">0.2500005 0.2588193 0.9330125 2514.577 -0.9659258 4.61936E-07 0.2588194 585 0.0669871 -0.9659258 0.2500004 733.8715 0 0 0 1</matrix>
              </node>
              <node id="Armature_kanbanLight011" name="kanbanLight011" sid="kanbanLight011" type="JOINT">
                <matrix sid="transform">0.2500005 0.2588193 0.9330125 2502.542 -0.9659258 4.61936E-07 0.2588194 585 0.0669871 -0.9659258 0.2500004 778.787 0 0 0 1</matrix>
              </node>
              <node id="Armature_kanbanLight012" name="kanbanLight012" sid="kanbanLight012" type="JOINT">
                <matrix sid="transform">1.15484E-07 1 -1.490116E-08 -393 -0.9659258 1.15484E-07 0.258819 568.5 0.258819 -1.490116E-08 0.9659258 2051 0 0 0 1</matrix>
              </node>
              <node id="Armature_kanbanLight013" name="kanbanLight013" sid="kanbanLight013" type="JOINT">
                <matrix sid="transform">1.15484E-07 1 -1.490116E-08 -331.5 -0.9659258 1.15484E-07 0.258819 568.5 0.258819 -1.490116E-08 0.9659258 2051 0 0 0 1</matrix>
              </node>
              <node id="Armature_kanbanLight014" name="kanbanLight014" sid="kanbanLight014" type="JOINT">
                <matrix sid="transform">1.15484E-07 1 -1.490116E-08 -270 -0.9659258 1.15484E-07 0.258819 568.5 0.258819 -1.490116E-08 0.9659258 2051 0 0 0 1</matrix>
              </node>
              <node id="Armature_kanbanLight015" name="kanbanLight015" sid="kanbanLight015" type="JOINT">
                <matrix sid="transform">1.15484E-07 1 -1.490116E-08 -208 -0.9659258 1.15484E-07 0.258819 568.5 0.258819 -1.490116E-08 0.9659258 2051 0 0 0 1</matrix>
              </node>
              <node id="Armature_kanbanLight016" name="kanbanLight016" sid="kanbanLight016" type="JOINT">
                <matrix sid="transform">1.15484E-07 1 -1.490116E-08 -146 -0.9659258 1.15484E-07 0.258819 568.5 0.258819 -1.490116E-08 0.9659258 2051 0 0 0 1</matrix>
              </node>
              <node id="Armature_kanbanLight017" name="kanbanLight017" sid="kanbanLight017" type="JOINT">
                <matrix sid="transform">1.15484E-07 1 -1.490116E-08 -84.5 -0.9659258 1.15484E-07 0.258819 568.5 0.258819 -1.490116E-08 0.9659258 2051 0 0 0 1</matrix>
              </node>
              <node id="Armature_kanbanLight018" name="kanbanLight018" sid="kanbanLight018" type="JOINT">
                <matrix sid="transform">5.960464E-08 1 0 1631 -0.5 5.960464E-08 -0.8660254 279.132 -0.8660254 0 0.5000001 -94.5 0 0 0 1</matrix>
              </node>
              <node id="Armature_kanbanLight019" name="kanbanLight019" sid="kanbanLight019" type="JOINT">
                <matrix sid="transform">5.960464E-08 -1 -2.980232E-08 1631 -0.4999999 5.960464E-08 -0.8660254 279.132 0.8660254 2.980232E-08 -0.4999999 -202 0 0 0 1</matrix>
              </node>
              <node id="Armature_kanbanLight02" name="kanbanLight02" sid="kanbanLight02" type="JOINT">
                <matrix sid="transform">2.514571E-07 1 -2.235174E-08 211.5 -0.9848077 2.514571E-07 0.1736481 214.5134 0.1736481 -2.235174E-08 0.9848077 708.1926 0 0 0 1</matrix>
              </node>
              <node id="Armature_kanbanLight020" name="kanbanLight020" sid="kanbanLight020" type="JOINT">
                <matrix sid="transform">0.3568028 0.4999999 0.7891083 1311.144 -0.6942705 0.7071069 -0.1341207 364.7482 -0.6250443 -0.5 0.5994329 654.1194 0 0 0 1</matrix>
              </node>
              <node id="Armature_kanbanLight03" name="kanbanLight03" sid="kanbanLight03" type="JOINT">
                <matrix sid="transform">2.514571E-07 1 -2.235174E-08 281 -0.9848077 2.514571E-07 0.1736481 214.5134 0.1736481 -2.235174E-08 0.9848077 708.1926 0 0 0 1</matrix>
              </node>
              <node id="Armature_kanbanLight04" name="kanbanLight04" sid="kanbanLight04" type="JOINT">
                <matrix sid="transform">0.1227881 0.7071068 0.6963642 1259.706 -0.9848077 2.831221E-07 0.1736483 216.8188 0.1227877 -0.7071068 0.6963643 359.0802 0 0 0 1</matrix>
              </node>
              <node id="Armature_kanbanLight05" name="kanbanLight05" sid="kanbanLight05" type="JOINT">
                <matrix sid="transform">0.1227881 0.7071068 0.6963642 1212.613 -0.9848077 2.831221E-07 0.1736483 216.8188 0.1227877 -0.7071068 0.6963643 406.1735 0 0 0 1</matrix>
              </node>
              <node id="Armature_kanbanLight06" name="kanbanLight06" sid="kanbanLight06" type="JOINT">
                <matrix sid="transform">0.1227881 0.7071068 0.6963642 1165.52 -0.9848077 2.831221E-07 0.1736483 216.8188 0.1227877 -0.7071068 0.6963643 453.2668 0 0 0 1</matrix>
              </node>
              <node id="Armature_kanbanLight07" name="kanbanLight07" sid="kanbanLight07" type="JOINT">
                <matrix sid="transform">0.2500005 0.2588193 0.9330125 2550.682 -0.9659258 4.61936E-07 0.2588194 585 0.0669871 -0.9659258 0.2500004 599.1249 0 0 0 1</matrix>
              </node>
              <node id="Armature_kanbanLight08" name="kanbanLight08" sid="kanbanLight08" type="JOINT">
                <matrix sid="transform">0.2500005 0.2588193 0.9330125 2538.647 -0.9659258 4.61936E-07 0.2588194 585 0.0669871 -0.9659258 0.2500004 644.0404 0 0 0 1</matrix>
              </node>
              <node id="Armature_kanbanLight09" name="kanbanLight09" sid="kanbanLight09" type="JOINT">
                <matrix sid="transform">0.2500005 0.2588193 0.9330125 2526.612 -0.9659258 4.61936E-07 0.2588194 585 0.0669871 -0.9659258 0.2500004 688.956 0 0 0 1</matrix>
              </node>
            </node>
            <node id="Armature_poleLightSet" name="poleLightSet" sid="poleLightSet" type="JOINT">
              <matrix sid="transform">1 0 0 0 0 1 0 0 0 0 1 0 0 0 0 1</matrix>
              <node id="Armature_poleLight01" name="poleLight01" sid="poleLight01" type="JOINT">
                <matrix sid="transform">1 0 0 -63.5 0 1 0 132 0 0 1 606 0 0 0 1</matrix>
              </node>
              <node id="Armature_poleLight010" name="poleLight010" sid="poleLight010" type="JOINT">
                <matrix sid="transform">1 0 0 -307.5 0 1 0 132 0 0 1 606 0 0 0 1</matrix>
              </node>
              <node id="Armature_poleLight011" name="poleLight011" sid="poleLight011" type="JOINT">
                <matrix sid="transform">1 0 0 -600.5 0 1 0 181.5 0 0 1 606 0 0 0 1</matrix>
              </node>
              <node id="Armature_poleLight02" name="poleLight02" sid="poleLight02" type="JOINT">
                <matrix sid="transform">1 0 0 119.5 0 1 0 132 0 0 1 606 0 0 0 1</matrix>
              </node>
              <node id="Armature_poleLight03" name="poleLight03" sid="poleLight03" type="JOINT">
                <matrix sid="transform">1 0 0 419.5 0 1 0 132 0 0 1 606 0 0 0 1</matrix>
              </node>
              <node id="Armature_poleLight04" name="poleLight04" sid="poleLight04" type="JOINT">
                <matrix sid="transform">1 0 0 719.5 0 1 0 132 0 0 1 606 0 0 0 1</matrix>
              </node>
              <node id="Armature_poleLight05" name="poleLight05" sid="poleLight05" type="JOINT">
                <matrix sid="transform">1 0 0 984.5 0 1 0 132 0 0 1 493 0 0 0 1</matrix>
              </node>
              <node id="Armature_poleLight06" name="poleLight06" sid="poleLight06" type="JOINT">
                <matrix sid="transform">1 0 0 1209 0 1 0 132 0 0 1 271.5 0 0 0 1</matrix>
              </node>
              <node id="Armature_poleLight07" name="poleLight07" sid="poleLight07" type="JOINT">
                <matrix sid="transform">1 0 0 1209 0 1 0 132 0 0 1 -80 0 0 0 1</matrix>
              </node>
              <node id="Armature_poleLight08" name="poleLight08" sid="poleLight08" type="JOINT">
                <matrix sid="transform">1 0 0 1209 0 1 0 181.5 0 0 1 -380 0 0 0 1</matrix>
              </node>
              <node id="Armature_poleLight09" name="poleLight09" sid="poleLight09" type="JOINT">
                <matrix sid="transform">1 0 0 1320.5 0 1 0 181.5 0 0 1 -548 0 0 0 1</matrix>
              </node>
            </node>
            <node id="Armature_railSpotLightSet" name="railSpotLightSet" sid="railSpotLightSet" type="JOINT">
              <matrix sid="transform">1 0 0 0 0 1 0 0 0 0 1 0 0 0 0 1</matrix>
              <node id="Armature_railSpotLight01" name="railSpotLight01" sid="railSpotLight01" type="JOINT">
                <matrix sid="transform">0.2355101 0.7071066 -0.6667345 956.5276 0.9429049 -2.980232E-07 0.3330615 200 0.2355099 -0.7071068 -0.6667346 758.1627 0 0 0 1</matrix>
              </node>
              <node id="Armature_railSpotLight08" name="railSpotLight08" sid="railSpotLight08" type="JOINT">
                <matrix sid="transform">0.4665065 0.4829629 0.7410256 1711.527 0.8750002 -0.1294093 -0.4665064 287.2143 -0.1294095 0.8660256 -0.4829628 -252.1266 0 0 0 1</matrix>
              </node>
            </node>
            <node id="Armature_shopLightSet" name="shopLightSet" sid="shopLightSet" type="JOINT">
              <matrix sid="transform">1 0 0 0 0 1 0 0 0 0 1 0 0 0 0 1</matrix>
              <node id="Armature_shopLight01" name="shopLight01" sid="shopLight01" type="JOINT">
                <matrix sid="transform">0.1721256 0.7071068 0.6858371 1417.185 -0.9699204 1.564622E-07 0.2434224 287.7886 0.1721255 -0.7071067 0.6858373 763.1172 0 0 0 1</matrix>
              </node>
              <node id="Armature_shopLight010" name="shopLight010" sid="shopLight010" type="JOINT">
                <matrix sid="transform">0.2588192 2.980232E-08 0.9659258 1711 -0.9659258 8.940697E-08 0.2588192 275.5 -2.980232E-08 -1 8.940697E-08 -347.5 0 0 0 1</matrix>
              </node>
              <node id="Armature_shopLight011" name="shopLight011" sid="shopLight011" type="JOINT">
                <matrix sid="transform">0.2588192 2.980232E-08 0.9659258 1711 -0.9659258 8.940697E-08 0.2588192 275.5 -2.980232E-08 -1 8.940697E-08 -401 0 0 0 1</matrix>
              </node>
              <node id="Armature_shopLight012" name="shopLight012" sid="shopLight012" type="JOINT">
                <matrix sid="transform">0.2588192 2.980232E-08 0.9659258 1711 -0.9659258 8.940697E-08 0.2588192 275.5 -2.980232E-08 -1 8.940697E-08 -296 0 0 0 1</matrix>
              </node>
              <node id="Armature_shopLight013" name="shopLight013" sid="shopLight013" type="JOINT">
                <matrix sid="transform">-0.7071067 1.192093E-07 0.7071068 1665.5 -0.7071068 -5.960464E-08 -0.7071066 221.5 -1.192093E-07 -0.9999999 -5.960464E-08 -749.5 0 0 0 1</matrix>
              </node>
              <node id="Armature_shopLight02" name="shopLight02" sid="shopLight02" type="JOINT">
                <matrix sid="transform">0.1721256 0.7071068 0.6858371 1461.379 -0.9699204 1.564622E-07 0.2434224 287.7886 0.1721255 -0.7071067 0.6858373 718.9231 0 0 0 1</matrix>
              </node>
              <node id="Armature_shopLight03" name="shopLight03" sid="shopLight03" type="JOINT">
                <matrix sid="transform">0.1721256 0.7071068 0.6858371 1466.5 -0.9699204 1.564622E-07 0.2434224 287.5075 0.1721255 -0.7071067 0.6858373 624 0 0 0 1</matrix>
              </node>
              <node id="Armature_shopLight04" name="shopLight04" sid="shopLight04" type="JOINT">
                <matrix sid="transform">-0.01124717 0.7071068 0.7070174 1419.123 -0.9998735 5.960464E-08 -0.01590598 288.7711 -0.01124725 -0.7071068 0.7070174 575.5508 0 0 0 1</matrix>
              </node>
              <node id="Armature_shopLight05" name="shopLight05" sid="shopLight05" type="JOINT">
                <matrix sid="transform">-0.01124717 0.7071068 0.7070174 1368.565 -0.9998735 5.960464E-08 -0.01590598 288.7711 -0.01124725 -0.7071068 0.7070174 626.1089 0 0 0 1</matrix>
              </node>
              <node id="Armature_shopLight06" name="shopLight06" sid="shopLight06" type="JOINT">
                <matrix sid="transform">-0.01124717 0.7071068 0.7070174 1324.371 -0.9998735 5.960464E-08 -0.01590598 288.7711 -0.01124725 -0.7071068 0.7070174 670.303 0 0 0 1</matrix>
              </node>
              <node id="Armature_shopLight07" name="shopLight07" sid="shopLight07" type="JOINT">
                <matrix sid="transform">-0.3632491 0.7071067 0.6066713 1263.259 -0.8579628 -2.980232E-08 -0.5137118 277.7672 -0.3632491 -0.7071068 0.6066712 783.8463 0 0 0 1</matrix>
              </node>
            </node>
            <node id="Armature_streetLightSet" name="streetLightSet" sid="streetLightSet" type="JOINT">
              <matrix sid="transform">1 0 0 0 0 1 0 0 0 0 1 0 0 0 0 1</matrix>
              <node id="Armature_streetLight01" name="streetLight01" sid="streetLight01" type="JOINT">
                <matrix sid="transform">1.564622E-07 1 -5.960464E-08 -172.5 -0.8191521 1.564622E-07 0.5735764 323 0.5735764 -5.960464E-08 0.8191521 783 0 0 0 1</matrix>
              </node>
              <node id="Armature_streetLight02" name="streetLight02" sid="streetLight02" type="JOINT">
                <matrix sid="transform">1.564622E-07 1 -5.960464E-08 327 -0.8191521 1.564622E-07 0.5735764 378 0.5735764 -5.960464E-08 0.8191521 783 0 0 0 1</matrix>
              </node>
              <node id="Armature_streetLight03" name="streetLight03" sid="streetLight03" type="JOINT">
                <matrix sid="transform">0.5735766 8.940697E-08 0.819152 1386.5 -0.819152 2.384186E-07 0.5735766 378 -8.940697E-08 -1 2.384186E-07 351.5 0 0 0 1</matrix>
              </node>
              <node id="Armature_streetLight04" name="streetLight04" sid="streetLight04" type="JOINT">
                <matrix sid="transform">0.5735766 8.940697E-08 0.819152 1386.5 -0.819152 2.384186E-07 0.5735766 323 -8.940697E-08 -1 2.384186E-07 -320.5 0 0 0 1</matrix>
              </node>
              <node id="Armature_streetLight05" name="streetLight05" sid="streetLight05" type="JOINT">
                <matrix sid="transform">0.5735766 8.940697E-08 0.819152 1386.5 -0.819152 2.384186E-07 0.5735766 323 -8.940697E-08 -1 2.384186E-07 -1206 0 0 0 1</matrix>
              </node>
              <node id="Armature_streetLight06" name="streetLight06" sid="streetLight06" type="JOINT">
                <matrix sid="transform">-0.4028715 0.7231283 -0.5610527 -1056.5 -0.8122795 1.788139E-07 0.5832685 323 0.421778 0.6907138 0.5873823 527 0 0 0 1</matrix>
              </node>
              <node id="Armature_streetLight07" name="streetLight07" sid="streetLight07" type="JOINT">
                <matrix sid="transform">1.564622E-07 1 -5.960464E-08 -1734.5 -0.8191521 1.564622E-07 0.5735764 323 0.5735764 -5.960464E-08 0.8191521 378 0 0 0 1</matrix>
              </node>
            </node>
            <node id="Armature_tentLightSet" name="tentLightSet" sid="tentLightSet" type="JOINT">
              <matrix sid="transform">1 0 0 0 0 1 0 0 0 0 1 0 0 0 0 1</matrix>
              <node id="Armature_tentPointLight01" name="tentPointLight01" sid="tentPointLight01" type="JOINT">
                <matrix sid="transform">0.9659259 0 -0.2588187 -869.4139 0 1 0 291.5 0.2588187 0 0.9659259 1666.649 0 0 0 1</matrix>
              </node>
              <node id="Armature_tentPointLight010" name="tentPointLight010" sid="tentPointLight010" type="JOINT">
                <matrix sid="transform">1 0 0 2430.5 0 1 0 232.5 0 0 1 827 0 0 0 1</matrix>
              </node>
              <node id="Armature_tentPointLight011" name="tentPointLight011" sid="tentPointLight011" type="JOINT">
                <matrix sid="transform">1 0 0 -255 0 1 0 278 0 0 1 1284.5 0 0 0 1</matrix>
              </node>
              <node id="Armature_tentPointLight012" name="tentPointLight012" sid="tentPointLight012" type="JOINT">
                <matrix sid="transform">1 0 0 -375.5 0 1 0 278 0 0 1 1405 0 0 0 1</matrix>
              </node>
              <node id="Armature_tentPointLight013" name="tentPointLight013" sid="tentPointLight013" type="JOINT">
                <matrix sid="transform">1 0 0 -496 0 1 0 278 0 0 1 1284.5 0 0 0 1</matrix>
              </node>
              <node id="Armature_tentPointLight014" name="tentPointLight014" sid="tentPointLight014" type="JOINT">
                <matrix sid="transform">1 0 0 -375.5 0 1 0 278 0 0 1 1165 0 0 0 1</matrix>
              </node>
              <node id="Armature_tentPointLight015" name="tentPointLight015" sid="tentPointLight015" type="JOINT">
                <matrix sid="transform">0.9659259 0 -0.2588187 -1007.541 0 1 0 291.5 0.2588187 0 0.9659259 1629.638 0 0 0 1</matrix>
              </node>
              <node id="Armature_tentPointLight02" name="tentPointLight02" sid="tentPointLight02" type="JOINT">
                <matrix sid="transform">0.9659259 0 -0.2588187 -1155.811 0 1 0 291.5 0.2588187 0 0.9659259 1589.909 0 0 0 1</matrix>
              </node>
              <node id="Armature_tentPointLight05" name="tentPointLight05" sid="tentPointLight05" type="JOINT">
                <matrix sid="transform">0.7071067 0 -0.7071069 -942.5 0 1 0 186.5 0.7071069 0 0.7071067 1018 0 0 0 1</matrix>
              </node>
              <node id="Armature_tentPointLight06" name="tentPointLight06" sid="tentPointLight06" type="JOINT">
                <matrix sid="transform">0.7071067 0 -0.7071069 -1054.576 0 1 0 186.5 0.7071069 0 0.7071067 905.9236 0 0 0 1</matrix>
              </node>
              <node id="Armature_tentPointLight07" name="tentPointLight07" sid="tentPointLight07" type="JOINT">
                <matrix sid="transform">0.7071067 0 -0.7071069 -1168.774 0 1 0 186.5 0.7071069 0 0.7071067 791.7258 0 0 0 1</matrix>
              </node>
              <node id="Armature_tentPointLight08" name="tentPointLight08" sid="tentPointLight08" type="JOINT">
                <matrix sid="transform">0.7071067 0 -0.7071069 -1322.57 0 1 0 186.5 0.7071069 0 0.7071067 637.9301 0 0 0 1</matrix>
              </node>
              <node id="Armature_tentPointLight09" name="tentPointLight09" sid="tentPointLight09" type="JOINT">
                <matrix sid="transform">1 0 0 2430.5 0 1 0 232.5 0 0 1 545 0 0 0 1</matrix>
              </node>
            </node>
          </node>
          <node id="Armature_Ef_SeaPlantSplash" name="Ef_SeaPlantSplash" sid="Ef_SeaPlantSplash" type="JOINT">
            <matrix sid="transform">1 0 0 0 0 1 0 0 0 0 1 0 0 0 0 1</matrix>
          </node>
          <node id="Armature_EnvCarousel" name="EnvCarousel" sid="EnvCarousel" type="JOINT">
            <matrix sid="transform">1 0 0 0 0 1 0 0 0 0 1 0 0 0 0 1</matrix>
          </node>
          <node id="Armature_PA" name="PA" sid="PA" type="JOINT">
            <matrix sid="transform">1 0 0 0 0 1 0 0 0 0 1 0 0 0 0 1</matrix>
            <node id="Armature_BakeLight" name="BakeLight" sid="BakeLight" type="JOINT">
              <matrix sid="transform">1 0 0 0 0 1 0 0 0 0 1 0 0 0 0 1</matrix>
              <node id="Armature_Side01_1" name="Side01_1" sid="Side01_1" type="JOINT">
                <matrix sid="transform">1 0 0 0 0 1 0 0 0 0 1 0 0 0 0 1</matrix>
                <node id="Armature_Bake_PA_3DkanbanLight01" name="Bake_PA_3DkanbanLight01" sid="Bake_PA_3DkanbanLight01" type="JOINT">
                  <matrix sid="transform">1 0 0 105.9617 0 1 0 197.5656 0 0 1 -323.8684 0 0 0 1</matrix>
                </node>
                <node id="Armature_Bake_PA_3DkanbanLight02" name="Bake_PA_3DkanbanLight02" sid="Bake_PA_3DkanbanLight02" type="JOINT">
                  <matrix sid="transform">1 0 0 196.1791 0 1 0 211.6183 0 0 1 256.2965 0 0 0 1</matrix>
                </node>
                <node id="Armature_Bake_PA_3DkanbanLight03" name="Bake_PA_3DkanbanLight03" sid="Bake_PA_3DkanbanLight03" type="JOINT">
                  <matrix sid="transform">1 0 0 376.3606 0 1 0 171.9019 0 0 1 97.27241 0 0 0 1</matrix>
                </node>
                <node id="Armature_Bake_PA_3DkanbanLight04" name="Bake_PA_3DkanbanLight04" sid="Bake_PA_3DkanbanLight04" type="JOINT">
                  <matrix sid="transform">1 0 0 154.2702 0 1 0 137.2896 0 0 1 -256.4922 0 0 0 1</matrix>
                </node>
                <node id="Armature_Bake_PA_3DkanbanLight05" name="Bake_PA_3DkanbanLight05" sid="Bake_PA_3DkanbanLight05" type="JOINT">
                  <matrix sid="transform">1 0 0 343.0586 0 1 0 128.2389 0 0 1 -194.3895 0 0 0 1</matrix>
                </node>
                <node id="Armature_Bake_PA_3DkanbanLight06" name="Bake_PA_3DkanbanLight06" sid="Bake_PA_3DkanbanLight06" type="JOINT">
                  <matrix sid="transform">1 0 0 430.9146 0 1 0 186.5019 0 0 1 128.3903 0 0 0 1</matrix>
                </node>
                <node id="Armature_Bake_PA_3DkanbanLight07" name="Bake_PA_3DkanbanLight07" sid="Bake_PA_3DkanbanLight07" type="JOINT">
                  <matrix sid="transform">1 0 0 399.0049 0 1 0 220.5019 0 0 1 329.5713 0 0 0 1</matrix>
                </node>
                <node id="Armature_Bake_PA_GiftShop" name="Bake_PA_GiftShop" sid="Bake_PA_GiftShop" type="JOINT">
                  <matrix sid="transform">1 0 0 216.0585 0 1 0 113.8517 0 0 1 -330.3858 0 0 0 1</matrix>
                </node>
                <node id="Armature_Bake_PA_SpotLightWallArt" name="Bake_PA_SpotLightWallArt" sid="Bake_PA_SpotLightWallArt" type="JOINT">
                  <matrix sid="transform">1 0 0 308.2651 0 1 0 207.2095 0 0 1 -332.7399 0 0 0 1</matrix>
                </node>
                <node id="Armature_Bake_PA_SpotSushiShop_left" name="Bake_PA_SpotSushiShop_left" sid="Bake_PA_SpotSushiShop_left" type="JOINT">
                  <matrix sid="transform">1 0 0 177.1631 0 1 0 240.5267 0 0 1 210.1569 0 0 0 1</matrix>
                </node>
                <node id="Armature_Bake_PA_SpotSushiShop_right" name="Bake_PA_SpotSushiShop_right" sid="Bake_PA_SpotSushiShop_right" type="JOINT">
                  <matrix sid="transform">1 0 0 29.45163 0 1 0 240.5267 0 0 1 -199.8647 0 0 0 1</matrix>
                </node>
                <node id="Armature_Bake_PA_SushiShop" name="Bake_PA_SushiShop" sid="Bake_PA_SushiShop" type="JOINT">
                  <matrix sid="transform">1 0 0 72.66383 0 1 0 204.8517 0 0 1 234.9412 0 0 0 1</matrix>
                </node>
                <node id="Armature_Bake_PA_ViewSpace01" name="Bake_PA_ViewSpace01" sid="Bake_PA_ViewSpace01" type="JOINT">
                  <matrix sid="transform">1 0 0 344.6387 0 1 0 233.5729 0 0 1 -412.4563 0 0 0 1</matrix>
                </node>
                <node id="Armature_Bake_PA_ViewSpace02" name="Bake_PA_ViewSpace02" sid="Bake_PA_ViewSpace02" type="JOINT">
                  <matrix sid="transform">1 0 0 417.6296 0 1 0 233.5729 0 0 1 -412.4563 0 0 0 1</matrix>
                </node>
                <node id="Armature_Bake_PA_ViewSpace03" name="Bake_PA_ViewSpace03" sid="Bake_PA_ViewSpace03" type="JOINT">
                  <matrix sid="transform">1 0 0 483.6296 0 1 0 233.5729 0 0 1 -412.4563 0 0 0 1</matrix>
                </node>
                <node id="Armature_Bake_PA_ViewSpace04" name="Bake_PA_ViewSpace04" sid="Bake_PA_ViewSpace04" type="JOINT">
                  <matrix sid="transform">1 0 0 543.1309 0 1 0 233.5729 0 0 1 -412.4563 0 0 0 1</matrix>
                </node>
                <node id="Armature_Bake_PA_ViewSpace05" name="Bake_PA_ViewSpace05" sid="Bake_PA_ViewSpace05" type="JOINT">
                  <matrix sid="transform">1 0 0 543.1309 0 1 0 233.5729 0 0 1 -322.4563 0 0 0 1</matrix>
                </node>
                <node id="Armature_Bake_PA_kanbanLight01" name="Bake_PA_kanbanLight01" sid="Bake_PA_kanbanLight01" type="JOINT">
                  <matrix sid="transform">1 0 0 552.6639 0 0.9848078 -0.1736477 238.213 0 0.1736477 0.9848078 -255.4536 0 0 0 1</matrix>
                </node>
                <node id="Armature_Bake_PA_kanbanLight02" name="Bake_PA_kanbanLight02" sid="Bake_PA_kanbanLight02" type="JOINT">
                  <matrix sid="transform">1 0 0 582.7412 0 0.9848078 -0.1736477 238.213 0 0.1736477 0.9848078 -256.2536 0 0 0 1</matrix>
                </node>
                <node id="Armature_Bake_PA_kanbanLight03_1" name="Bake_PA_kanbanLight03_1" sid="Bake_PA_kanbanLight03_1" type="JOINT">
                  <matrix sid="transform">2.514571E-07 0.1736481 0.9848077 602.688 -2.235174E-08 0.9848077 -0.1736481 238.213 -1 2.235174E-08 2.514571E-07 -307.3775 0 0 0 1</matrix>
                </node>
                <node id="Armature_Bake_PA_kanbanLight04" name="Bake_PA_kanbanLight04" sid="Bake_PA_kanbanLight04" type="JOINT">
                  <matrix sid="transform">2.514571E-07 0.1736481 0.9848077 602.688 -2.235174E-08 0.9848077 -0.1736481 238.213 -1 2.235174E-08 2.514571E-07 -277.3003 0 0 0 1</matrix>
                </node>
                <node id="Armature_Bake_PA_kanbanLight05" name="Bake_PA_kanbanLight05" sid="Bake_PA_kanbanLight05" type="JOINT">
                  <matrix sid="transform">2.514571E-07 0.1736481 0.9848077 602.688 -2.235174E-08 0.9848077 -0.1736481 238.213 -1 2.235174E-08 2.514571E-07 -342.8807 0 0 0 1</matrix>
                </node>
                <node id="Armature_Bake_PA_kanbanLight06" name="Bake_PA_kanbanLight06" sid="Bake_PA_kanbanLight06" type="JOINT">
                  <matrix sid="transform">2.514571E-07 0.1736481 0.9848077 602.688 -2.235174E-08 0.9848077 -0.1736481 238.213 -1 2.235174E-08 2.514571E-07 -382.9424 0 0 0 1</matrix>
                </node>
              </node>
              <node id="Armature_Side02_1" name="Side02_1" sid="Side02_1" type="JOINT">
                <matrix sid="transform">-1 0 -1.509958E-07 0 0 1 0 0 1.509958E-07 0 -1 0 0 0 0 1</matrix>
                <node id="Armature_Bake_PA_3DkanbanLight01_1" name="Bake_PA_3DkanbanLight01_1" sid="Bake_PA_3DkanbanLight01_1" type="JOINT">
                  <matrix sid="transform">1 0 0 105.9617 0 1 0 197.5656 0 0 1 -323.8684 0 0 0 1</matrix>
                </node>
                <node id="Armature_Bake_PA_3DkanbanLight02_1" name="Bake_PA_3DkanbanLight02_1" sid="Bake_PA_3DkanbanLight02_1" type="JOINT">
                  <matrix sid="transform">1 0 0 196.1791 0 1 0 211.6183 0 0 1 256.2965 0 0 0 1</matrix>
                </node>
                <node id="Armature_Bake_PA_3DkanbanLight03_1" name="Bake_PA_3DkanbanLight03_1" sid="Bake_PA_3DkanbanLight03_1" type="JOINT">
                  <matrix sid="transform">1 0 0 376.3606 0 1 0 171.9019 0 0 1 97.27241 0 0 0 1</matrix>
                </node>
                <node id="Armature_Bake_PA_3DkanbanLight04_1" name="Bake_PA_3DkanbanLight04_1" sid="Bake_PA_3DkanbanLight04_1" type="JOINT">
                  <matrix sid="transform">1 0 0 154.2702 0 1 0 137.2896 0 0 1 -256.4922 0 0 0 1</matrix>
                </node>
                <node id="Armature_Bake_PA_3DkanbanLight05_1" name="Bake_PA_3DkanbanLight05_1" sid="Bake_PA_3DkanbanLight05_1" type="JOINT">
                  <matrix sid="transform">1 0 0 343.0586 0 1 0 128.2389 0 0 1 -194.3895 0 0 0 1</matrix>
                </node>
                <node id="Armature_Bake_PA_3DkanbanLight06_1" name="Bake_PA_3DkanbanLight06_1" sid="Bake_PA_3DkanbanLight06_1" type="JOINT">
                  <matrix sid="transform">1 0 0 430.9146 0 1 0 186.5019 0 0 1 128.3903 0 0 0 1</matrix>
                </node>
                <node id="Armature_Bake_PA_3DkanbanLight07_1" name="Bake_PA_3DkanbanLight07_1" sid="Bake_PA_3DkanbanLight07_1" type="JOINT">
                  <matrix sid="transform">1 0 0 399.0049 0 1 0 220.5019 0 0 1 329.5713 0 0 0 1</matrix>
                </node>
                <node id="Armature_Bake_PA_GiftShop_1" name="Bake_PA_GiftShop_1" sid="Bake_PA_GiftShop_1" type="JOINT">
                  <matrix sid="transform">1 0 0 216.0585 0 1 0 113.8517 0 0 1 -330.3858 0 0 0 1</matrix>
                </node>
                <node id="Armature_Bake_PA_SpotLightWallArt_1" name="Bake_PA_SpotLightWallArt_1" sid="Bake_PA_SpotLightWallArt_1" type="JOINT">
                  <matrix sid="transform">1 0 0 308.2651 0 1 0 207.2095 0 0 1 -332.7399 0 0 0 1</matrix>
                </node>
                <node id="Armature_Bake_PA_SpotSushiShop_left_1" name="Bake_PA_SpotSushiShop_left_1" sid="Bake_PA_SpotSushiShop_left_1" type="JOINT">
                  <matrix sid="transform">1 0 0 177.1631 0 1 0 240.5267 0 0 1 210.1569 0 0 0 1</matrix>
                </node>
                <node id="Armature_Bake_PA_SpotSushiShop_right_1" name="Bake_PA_SpotSushiShop_right_1" sid="Bake_PA_SpotSushiShop_right_1" type="JOINT">
                  <matrix sid="transform">1 0 0 29.45163 0 1 0 240.5267 0 0 1 -199.8647 0 0 0 1</matrix>
                </node>
                <node id="Armature_Bake_PA_SushiShop_1" name="Bake_PA_SushiShop_1" sid="Bake_PA_SushiShop_1" type="JOINT">
                  <matrix sid="transform">1 0 0 72.66383 0 1 0 204.8517 0 0 1 234.9412 0 0 0 1</matrix>
                </node>
                <node id="Armature_Bake_PA_ViewSpace01_1" name="Bake_PA_ViewSpace01_1" sid="Bake_PA_ViewSpace01_1" type="JOINT">
                  <matrix sid="transform">1 0 0 344.6387 0 1 0 233.5729 0 0 1 -412.4563 0 0 0 1</matrix>
                </node>
                <node id="Armature_Bake_PA_ViewSpace02_1" name="Bake_PA_ViewSpace02_1" sid="Bake_PA_ViewSpace02_1" type="JOINT">
                  <matrix sid="transform">1 0 0 417.6296 0 1 0 233.5729 0 0 1 -412.4563 0 0 0 1</matrix>
                </node>
                <node id="Armature_Bake_PA_ViewSpace03_1" name="Bake_PA_ViewSpace03_1" sid="Bake_PA_ViewSpace03_1" type="JOINT">
                  <matrix sid="transform">1 0 0 483.6296 0 1 0 233.5729 0 0 1 -412.4563 0 0 0 1</matrix>
                </node>
                <node id="Armature_Bake_PA_ViewSpace04_1" name="Bake_PA_ViewSpace04_1" sid="Bake_PA_ViewSpace04_1" type="JOINT">
                  <matrix sid="transform">1 0 0 543.1309 0 1 0 233.5729 0 0 1 -412.4563 0 0 0 1</matrix>
                </node>
                <node id="Armature_Bake_PA_ViewSpace05_1" name="Bake_PA_ViewSpace05_1" sid="Bake_PA_ViewSpace05_1" type="JOINT">
                  <matrix sid="transform">1 0 0 543.1309 0 1 0 233.5729 0 0 1 -322.4563 0 0 0 1</matrix>
                </node>
                <node id="Armature_Bake_PA_kanbanLight01_1" name="Bake_PA_kanbanLight01_1" sid="Bake_PA_kanbanLight01_1" type="JOINT">
                  <matrix sid="transform">1 0 0 552.6639 0 0.9848078 -0.1736477 238.213 0 0.1736477 0.9848078 -255.4536 0 0 0 1</matrix>
                </node>
                <node id="Armature_Bake_PA_kanbanLight02_1" name="Bake_PA_kanbanLight02_1" sid="Bake_PA_kanbanLight02_1" type="JOINT">
                  <matrix sid="transform">1 0 0 582.7412 0 0.9848078 -0.1736477 238.213 0 0.1736477 0.9848078 -256.2536 0 0 0 1</matrix>
                </node>
                <node id="Armature_Bake_PA_kanbanLight03" name="Bake_PA_kanbanLight03" sid="Bake_PA_kanbanLight03" type="JOINT">
                  <matrix sid="transform">2.514571E-07 0.1736481 0.9848077 602.688 -2.235174E-08 0.9848077 -0.1736481 238.213 -1 2.235174E-08 2.514571E-07 -307.3775 0 0 0 1</matrix>
                </node>
                <node id="Armature_Bake_PA_kanbanLight04_1" name="Bake_PA_kanbanLight04_1" sid="Bake_PA_kanbanLight04_1" type="JOINT">
                  <matrix sid="transform">2.514571E-07 0.1736481 0.9848077 602.688 -2.235174E-08 0.9848077 -0.1736481 238.213 -1 2.235174E-08 2.514571E-07 -277.3003 0 0 0 1</matrix>
                </node>
                <node id="Armature_Bake_PA_kanbanLight05_1" name="Bake_PA_kanbanLight05_1" sid="Bake_PA_kanbanLight05_1" type="JOINT">
                  <matrix sid="transform">2.514571E-07 0.1736481 0.9848077 602.688 -2.235174E-08 0.9848077 -0.1736481 238.213 -1 2.235174E-08 2.514571E-07 -342.8807 0 0 0 1</matrix>
                </node>
                <node id="Armature_Bake_PA_kanbanLight06_1" name="Bake_PA_kanbanLight06_1" sid="Bake_PA_kanbanLight06_1" type="JOINT">
                  <matrix sid="transform">2.514571E-07 0.1736481 0.9848077 602.688 -2.235174E-08 0.9848077 -0.1736481 238.213 -1 2.235174E-08 2.514571E-07 -382.9424 0 0 0 1</matrix>
                </node>
              </node>
            </node>
            <node id="Armature_Dynamic" name="Dynamic" sid="Dynamic" type="JOINT">
              <matrix sid="transform">1 0 0 0 0 1 0 0 0 0 1 0 0 0 0 1</matrix>
              <node id="Armature_Side01" name="Side01" sid="Side01" type="JOINT">
                <matrix sid="transform">1 0 0 0 0 1 0 0 0 0 1 0 0 0 0 1</matrix>
                <node id="Armature_Dynamic_PA_WideLight_left" name="Dynamic_PA_WideLight_left" sid="Dynamic_PA_WideLight_left" type="JOINT">
                  <matrix sid="transform">1 0 0 282.9092 0 1 0 240.8025 0 0 1 272.4467 0 0 0 1</matrix>
                </node>
                <node id="Armature_Dynamic_PA_WideLight_right" name="Dynamic_PA_WideLight_right" sid="Dynamic_PA_WideLight_right" type="JOINT">
                  <matrix sid="transform">1 0 0 372.0973 0 1 0 178.0056 0 0 1 -201.4417 0 0 0 1</matrix>
                </node>
                <node id="Armature_Dynamic_PA_WideLight_start" name="Dynamic_PA_WideLight_start" sid="Dynamic_PA_WideLight_start" type="JOINT">
                  <matrix sid="transform">1 0 0 761.1996 0 1 0 245.7 0 0 1 -18.99992 0 0 0 1</matrix>
                </node>
              </node>
              <node id="Armature_Side02" name="Side02" sid="Side02" type="JOINT">
                <matrix sid="transform">-1 0 -1.509958E-07 0 0 1 0 0 1.509958E-07 0 -1 0 0 0 0 1</matrix>
                <node id="Armature_Dynamic_PA_WideLight_left_1" name="Dynamic_PA_WideLight_left_1" sid="Dynamic_PA_WideLight_left_1" type="JOINT">
                  <matrix sid="transform">1 0 0 282.9092 0 1 0 240.8025 0 0 1 272.4467 0 0 0 1</matrix>
                </node>
                <node id="Armature_Dynamic_PA_WideLight_right_1" name="Dynamic_PA_WideLight_right_1" sid="Dynamic_PA_WideLight_right_1" type="JOINT">
                  <matrix sid="transform">1 0 0 372.0973 0 1 0 178.0056 0 0 1 -201.4417 0 0 0 1</matrix>
                </node>
                <node id="Armature_Dynamic_PA_WideLight_start_1" name="Dynamic_PA_WideLight_start_1" sid="Dynamic_PA_WideLight_start_1" type="JOINT">
                  <matrix sid="transform">1 0 0 761.1996 0 1 0 245.7 0 0 1 -18.99992 0 0 0 1</matrix>
                </node>
              </node>
            </node>
          </node>
        </node>
      </node>
    </visual_scene>
  </library_visual_scenes>
  <scene>
    <instance_visual_scene url="#Scene" />
  </scene>
</COLLADA>