<?xml version="1.0" encoding="utf-8"?>
<COLLADA xmlns="http://www.collada.org/2005/11/COLLADASchema" version="1.4.1">
  <asset />
  <library_images />
  <library_geometries />
  <library_controllers />
  <library_visual_scenes>
    <visual_scene id="Scene" name="Scene">
      <node id="Armature" name="Armature" type="NODE">
        <matrix sid="transform">1 0 0 0 0 1 0 0 0 0 1 0 0 0 0 1</matrix>
        <node id="Armature_B_Loc_Group" name="B_Loc_Group" sid="B_Loc_Group" type="JOINT">
          <matrix sid="transform">1 0 0 0 0 1 0 0 0 0 1 0 0 0 0 1</matrix>
          <node id="Armature_LocatorB1" name="LocatorB1" sid="LocatorB1" type="JOINT">
            <matrix sid="transform">0.4554967 -0.5586185 0.6931583 8.136985 0.836502 0.002149843 -0.5479599 -1.743014 0.3046104 0.829422 0.4682648 -11.20377 0 0 0 1</matrix>
          </node>
          <node id="Armature_LocatorB2" name="LocatorB2" sid="LocatorB2" type="JOINT">
            <matrix sid="transform">0.05812228 -0.02882558 -0.9978933 2.965315 -0.9954512 0.07391447 -0.0601151 0.4193206 0.07549158 0.996848 -0.02439836 -10.15134 0 0 0 1</matrix>
          </node>
          <node id="Armature_LocatorB3" name="LocatorB3" sid="LocatorB3" type="JOINT">
            <matrix sid="transform">0.6082571 -0.6462395 -0.460867 10.14908 -0.6583199 -0.08635426 -0.7477688 1.183793 0.4434398 0.7582334 -0.4779577 -10.31288 0 0 0 1</matrix>
          </node>
          <node id="Armature_LocatorB4" name="LocatorB4" sid="LocatorB4" type="JOINT">
            <matrix sid="transform">-0.4419783 -0.8550832 0.2710871 9.23534 -0.8970259 0.4213129 -0.1335688 -4.11548 1.490116E-08 -0.3022065 -0.9532425 -12.23596 0 0 0 1</matrix>
          </node>
        </node>
      </node>
    </visual_scene>
  </library_visual_scenes>
  <scene>
    <instance_visual_scene url="#Scene" />
  </scene>
</COLLADA>