<?xml version="1.0" encoding="utf-8"?>
<COLLADA xmlns="http://www.collada.org/2005/11/COLLADASchema" version="1.4.1">
  <asset />
  <library_images />
  <library_geometries />
  <library_controllers />
  <library_visual_scenes>
    <visual_scene id="Scene" name="Scene">
      <node id="Armature" name="Armature" type="NODE">
        <matrix sid="transform">1 0 0 0 0 1 0 0 0 0 1 0 0 0 0 1</matrix>
        <node id="Armature_A_Loc_Group" name="A_Loc_Group" sid="A_Loc_Group" type="JOINT">
          <matrix sid="transform">1 0 0 0 0 1 0 0 0 0 1 0 0 0 0 1</matrix>
          <node id="Armature_LocatorA1" name="LocatorA1" sid="LocatorA1" type="JOINT">
            <matrix sid="transform">0.4554967 -0.5586185 0.6931583 8.136985 0.836502 0.002149843 -0.5479599 -1.743014 0.3046104 0.829422 0.4682648 -11.20377 0 0 0 1</matrix>
          </node>
          <node id="Armature_LocatorA2" name="LocatorA2" sid="LocatorA2" type="JOINT">
            <matrix sid="transform">-0.411539 -0.02882549 -0.9109362 2.965315 -0.9096975 0.07391429 0.4086404 0.4193206 0.05555201 0.9968479 -0.0566411 -10.15134 0 0 0 1</matrix>
          </node>
          <node id="Armature_LocatorA3" name="LocatorA3" sid="LocatorA3" type="JOINT">
            <matrix sid="transform">0.5541891 -0.6462394 -0.5246419 10.14908 -0.7361717 -0.08635443 -0.6712631 1.183793 0.3884915 0.7582332 -0.5235999 -10.31288 0 0 0 1</matrix>
          </node>
          <node id="Armature_LocatorA4" name="LocatorA4" sid="LocatorA4" type="JOINT">
            <matrix sid="transform">-0.4766695 -0.8550833 0.2040074 9.23534 -0.8681081 0.4213129 -0.2624585 -4.11548 0.1384729 -0.3022065 -0.9431312 -12.23596 0 0 0 1</matrix>
          </node>
        </node>
      </node>
    </visual_scene>
  </library_visual_scenes>
  <scene>
    <instance_visual_scene url="#Scene" />
  </scene>
</COLLADA>