<?xml version="1.0" encoding="utf-8"?>
<COLLADA xmlns="http://www.collada.org/2005/11/COLLADASchema" version="1.4.1">
  <asset />
  <library_images />
  <library_geometries />
  <library_controllers />
  <library_visual_scenes>
    <visual_scene id="Scene" name="Scene">
      <node id="Armature" name="Armature" type="NODE">
        <matrix sid="transform">1 0 0 0 0 1 0 0 0 0 1 0 0 0 0 1</matrix>
        <node id="Armature_A_Loc_Group" name="A_Loc_Group" sid="A_Loc_Group" type="JOINT">
          <matrix sid="transform">1 0 0 0 0 1 0 0 0 0 1 0 0 0 0 1</matrix>
          <node id="Armature_LocatorA1" name="LocatorA1" sid="LocatorA1" type="JOINT">
            <matrix sid="transform">-0.213073 0.9721055 -0.09803444 -11.64808 0.4324464 0.1838074 0.8827258 -2.675894 0.8761221 0.1456904 -0.459548 -8.871347 0 0 0 1</matrix>
          </node>
          <node id="Armature_LocatorA2" name="LocatorA2" sid="LocatorA2" type="JOINT">
            <matrix sid="transform">-0.2169804 0.9714479 -0.09596029 -9.923012 0.4403768 0.1851419 0.8785162 3.316777 0.871199 0.1483621 -0.4679753 -8.793035 0 0 0 1</matrix>
          </node>
          <node id="Armature_LocatorA3" name="LocatorA3" sid="LocatorA3" type="JOINT">
            <matrix sid="transform">-0.4228283 0.8939741 0.1484144 -8.331265 0.8581595 0.3423812 0.3825413 -3.924309 0.2911676 0.2891126 -0.9119405 -8.385974 0 0 0 1</matrix>
          </node>
          <node id="Armature_LocatorA4" name="LocatorA4" sid="LocatorA4" type="JOINT">
            <matrix sid="transform">-0.4297225 0.8863193 0.1725592 -4.153775 0.8721516 0.3579165 0.3335377 -4.261981 0.2338591 0.2938264 -0.9268095 -10.3317 0 0 0 1</matrix>
          </node>
        </node>
      </node>
    </visual_scene>
  </library_visual_scenes>
  <scene>
    <instance_visual_scene url="#Scene" />
  </scene>
</COLLADA>