<?xml version="1.0" encoding="utf-8"?>
<COLLADA xmlns="http://www.collada.org/2005/11/COLLADASchema" version="1.4.1">
  <asset />
  <library_images />
  <library_geometries />
  <library_controllers />
  <library_visual_scenes>
    <visual_scene id="Scene" name="Scene">
      <node id="Armature" name="Armature" type="NODE">
        <matrix sid="transform">1 0 0 0 0 1 0 0 0 0 1 0 0 0 0 1</matrix>
        <node id="Armature_BakeLight" name="BakeLight" sid="BakeLight" type="JOINT">
          <matrix sid="transform">1 0 0 0 0 1 0 0 0 0 1 0 0 0 0 1</matrix>
          <node id="Armature_BakePointLightDVRoof010" name="BakePointLightDVRoof010" sid="BakePointLightDVRoof010" type="JOINT">
            <matrix sid="transform">1 0 0 692.4481 0 1 0 124.8261 0 0 1 -233.3673 0 0 0 1</matrix>
          </node>
          <node id="Armature_BakePointLightDVRoof010_1" name="BakePointLightDVRoof010_1" sid="BakePointLightDVRoof010_1" type="JOINT">
            <matrix sid="transform">-1 -8.742279E-08 -1.509958E-07 -692.4481 -8.742278E-08 1 -8.742279E-08 124.8261 1.509958E-07 -8.742278E-08 -1 233.3673 0 0 0 1</matrix>
          </node>
          <node id="Armature_BakePointLightDVRoof011" name="BakePointLightDVRoof011" sid="BakePointLightDVRoof011" type="JOINT">
            <matrix sid="transform">1 0 0 627.7662 0 1 0 124.8261 0 0 1 -78.33454 0 0 0 1</matrix>
          </node>
          <node id="Armature_BakePointLightDVRoof011_1" name="BakePointLightDVRoof011_1" sid="BakePointLightDVRoof011_1" type="JOINT">
            <matrix sid="transform">-1 -8.742279E-08 -1.509958E-07 -627.7662 -8.742278E-08 1 -8.742279E-08 124.8261 1.509958E-07 -8.742278E-08 -1 78.33449 0 0 0 1</matrix>
          </node>
          <node id="Armature_BakePointLightDVRoof012" name="BakePointLightDVRoof012" sid="BakePointLightDVRoof012" type="JOINT">
            <matrix sid="transform">1 0 0 627.7662 0 1 0 124.8261 0 0 1 67.01214 0 0 0 1</matrix>
          </node>
          <node id="Armature_BakePointLightDVRoof012_1" name="BakePointLightDVRoof012_1" sid="BakePointLightDVRoof012_1" type="JOINT">
            <matrix sid="transform">-1 -8.742279E-08 -1.509958E-07 -627.7662 -8.742278E-08 1 -8.742279E-08 124.8261 1.509958E-07 -8.742278E-08 -1 -67.01219 0 0 0 1</matrix>
          </node>
          <node id="Armature_BakePointLightDVRoof013" name="BakePointLightDVRoof013" sid="BakePointLightDVRoof013" type="JOINT">
            <matrix sid="transform">1 0 0 565.5233 0 1 0 124.8261 0 0 1 252.5951 0 0 0 1</matrix>
          </node>
          <node id="Armature_BakePointLightDVRoof013_1" name="BakePointLightDVRoof013_1" sid="BakePointLightDVRoof013_1" type="JOINT">
            <matrix sid="transform">-1 -8.742279E-08 -1.509958E-07 -565.5233 -8.742278E-08 1 -8.742279E-08 124.8261 1.509958E-07 -8.742278E-08 -1 -252.5952 0 0 0 1</matrix>
          </node>
          <node id="Armature_BakePointLightDVRoof07" name="BakePointLightDVRoof07" sid="BakePointLightDVRoof07" type="JOINT">
            <matrix sid="transform">1 0 0 692.4481 0 1 0 124.8261 0 0 1 -700.231 0 0 0 1</matrix>
          </node>
          <node id="Armature_BakePointLightDVRoof07_1" name="BakePointLightDVRoof07_1" sid="BakePointLightDVRoof07_1" type="JOINT">
            <matrix sid="transform">-1 -8.742279E-08 -1.509958E-07 -692.4481 -8.742278E-08 1 -8.742279E-08 124.8261 1.509958E-07 -8.742278E-08 -1 700.2309 0 0 0 1</matrix>
          </node>
          <node id="Armature_BakePointLightDVRoof08" name="BakePointLightDVRoof08" sid="BakePointLightDVRoof08" type="JOINT">
            <matrix sid="transform">1 0 0 692.4481 0 1 0 124.8261 0 0 1 -499.4284 0 0 0 1</matrix>
          </node>
          <node id="Armature_BakePointLightDVRoof08_1" name="BakePointLightDVRoof08_1" sid="BakePointLightDVRoof08_1" type="JOINT">
            <matrix sid="transform">-1 -8.742279E-08 -1.509958E-07 -692.4481 -8.742278E-08 1 -8.742279E-08 124.8261 1.509958E-07 -8.742278E-08 -1 499.4283 0 0 0 1</matrix>
          </node>
          <node id="Armature_BakePointLightDVRoof09" name="BakePointLightDVRoof09" sid="BakePointLightDVRoof09" type="JOINT">
            <matrix sid="transform">1 0 0 692.4481 0 1 0 124.8261 0 0 1 -345.6428 0 0 0 1</matrix>
          </node>
          <node id="Armature_BakePointLightDVRoof09_1" name="BakePointLightDVRoof09_1" sid="BakePointLightDVRoof09_1" type="JOINT">
            <matrix sid="transform">-1 -8.742279E-08 -1.509958E-07 -692.4481 -8.742278E-08 1 -8.742279E-08 124.8261 1.509958E-07 -8.742278E-08 -1 345.6427 0 0 0 1</matrix>
          </node>
          <node id="Armature_BakePointLightDVRoom01" name="BakePointLightDVRoom01" sid="BakePointLightDVRoom01" type="JOINT">
            <matrix sid="transform">1 0 0 443.421 0 1 0 -124.5844 0 0 1 657.6795 0 0 0 1</matrix>
          </node>
          <node id="Armature_BakePointLightDVRoom01_1" name="BakePointLightDVRoom01_1" sid="BakePointLightDVRoom01_1" type="JOINT">
            <matrix sid="transform">-1 -8.742279E-08 -1.509958E-07 -443.4209 -8.742278E-08 1 -8.742279E-08 -124.5844 1.509958E-07 -8.742278E-08 -1 -657.6796 0 0 0 1</matrix>
          </node>
          <node id="Armature_BakePointLightRoomL01" name="BakePointLightRoomL01" sid="BakePointLightRoomL01" type="JOINT">
            <matrix sid="transform">1 0 0 474.5215 0 1 0 90.65532 0 0 1 -773.0726 0 0 0 1</matrix>
          </node>
          <node id="Armature_BakePointLightRoomL01_1" name="BakePointLightRoomL01_1" sid="BakePointLightRoomL01_1" type="JOINT">
            <matrix sid="transform">-1 -8.742279E-08 -1.509958E-07 -474.5216 -8.742278E-08 1 -8.742279E-08 90.65532 1.509958E-07 -8.742278E-08 -1 773.0726 0 0 0 1</matrix>
          </node>
          <node id="Armature_BakePointLightRoomS04" name="BakePointLightRoomS04" sid="BakePointLightRoomS04" type="JOINT">
            <matrix sid="transform">1 0 0 180.1523 0 1 0 41.55931 0 0 1 -454.9856 0 0 0 1</matrix>
          </node>
          <node id="Armature_BakePointLightRoomS04_1" name="BakePointLightRoomS04_1" sid="BakePointLightRoomS04_1" type="JOINT">
            <matrix sid="transform">-1 -8.742279E-08 -1.509958E-07 -180.1523 -8.742278E-08 1 -8.742279E-08 41.55931 1.509958E-07 -8.742278E-08 -1 454.9856 0 0 0 1</matrix>
          </node>
          <node id="Armature_BakePointLightRoomS05" name="BakePointLightRoomS05" sid="BakePointLightRoomS05" type="JOINT">
            <matrix sid="transform">1 0 0 -49.60146 0 1 0 81.09796 0 0 1 -350.5609 0 0 0 1</matrix>
          </node>
          <node id="Armature_BakePointLightRoomS05_1" name="BakePointLightRoomS05_1" sid="BakePointLightRoomS05_1" type="JOINT">
            <matrix sid="transform">-1 -8.742279E-08 -1.509958E-07 49.60143 -8.742278E-08 1 -8.742279E-08 81.09796 1.509958E-07 -8.742278E-08 -1 350.5609 0 0 0 1</matrix>
          </node>
          <node id="Armature_BakePointLightRoomS06" name="BakePointLightRoomS06" sid="BakePointLightRoomS06" type="JOINT">
            <matrix sid="transform">1 0 0 -193.569 0 1 0 34.45356 0 0 1 -225.1561 0 0 0 1</matrix>
          </node>
          <node id="Armature_BakePointLightRoomS06_1" name="BakePointLightRoomS06_1" sid="BakePointLightRoomS06_1" type="JOINT">
            <matrix sid="transform">-1 -8.742279E-08 -1.509958E-07 193.569 -8.742278E-08 1 -8.742279E-08 34.45356 1.509958E-07 -8.742278E-08 -1 225.1561 0 0 0 1</matrix>
          </node>
          <node id="Armature_BakeSpotLight017" name="BakeSpotLight017" sid="BakeSpotLight017" type="JOINT">
            <matrix sid="transform">0.3948246 0.9187564 1.219394E-07 -157.5384 -0.9187564 0.3948246 -8.032023E-08 131.5632 -1.219394E-07 -8.032023E-08 1 204.9621 0 0 0 1</matrix>
          </node>
          <node id="Armature_BakeSpotLight017_1" name="BakeSpotLight017_1" sid="BakeSpotLight017_1" type="JOINT">
            <matrix sid="transform">-0.3948245 -0.9187565 1.39621E-07 157.5384 -0.9187565 0.3948244 -5.304034E-08 131.5632 -6.394628E-09 -1.492193E-07 -1 -204.9621 0 0 0 1</matrix>
          </node>
          <node id="Armature_BakeSpotLight018" name="BakeSpotLight018" sid="BakeSpotLight018" type="JOINT">
            <matrix sid="transform">0.3948246 0.9187564 1.219394E-07 -157.5384 -0.9187564 0.3948246 -8.032023E-08 131.5632 -1.219394E-07 -8.032023E-08 1 135.4931 0 0 0 1</matrix>
          </node>
          <node id="Armature_BakeSpotLight018_1" name="BakeSpotLight018_1" sid="BakeSpotLight018_1" type="JOINT">
            <matrix sid="transform">-0.3948245 -0.9187565 1.39621E-07 157.5384 -0.9187565 0.3948244 -5.304034E-08 131.5632 -6.394628E-09 -1.492193E-07 -1 -135.4931 0 0 0 1</matrix>
          </node>
          <node id="Armature_BakeSpotLight019" name="BakeSpotLight019" sid="BakeSpotLight019" type="JOINT">
            <matrix sid="transform">-0.3995607 0.9167067 5.249206E-08 -129.6622 -0.9167067 -0.3995607 -8.014104E-08 131.6797 -5.249207E-08 -8.014104E-08 1 170.309 0 0 0 1</matrix>
          </node>
          <node id="Armature_BakeSpotLight019_1" name="BakeSpotLight019_1" sid="BakeSpotLight019_1" type="JOINT">
            <matrix sid="transform">0.3995608 -0.9167067 5.334632E-08 129.6622 -0.9167067 -0.3995607 -1.394482E-07 131.6797 1.491482E-07 6.815107E-09 -1 -170.3089 0 0 0 1</matrix>
          </node>
          <node id="Armature_BakeSpotLight020" name="BakeSpotLight020" sid="BakeSpotLight020" type="JOINT">
            <matrix sid="transform">2.980232E-07 1.192093E-07 1 -197.475 -0.9187565 0.3948248 1.490116E-07 131.7916 -0.3948248 -0.9187565 2.980232E-07 22.03569 0 0 0 1</matrix>
          </node>
          <node id="Armature_BakeSpotLight020_1" name="BakeSpotLight020_1" sid="BakeSpotLight020_1" type="JOINT">
            <matrix sid="transform">2.980232E-07 1.192093E-07 -1 197.475 -0.9187565 0.3948248 -1.490116E-07 131.7916 0.3948248 0.9187565 2.980232E-07 -22.03567 0 0 0 1</matrix>
          </node>
          <node id="Armature_BakeSpotLight021" name="BakeSpotLight021" sid="BakeSpotLight021" type="JOINT">
            <matrix sid="transform">2.384186E-07 0 1 -150.1173 -0.9167067 -0.3995606 1.490116E-07 131.6797 0.3995607 -0.9167067 -5.960464E-08 -12.21035 0 0 0 1</matrix>
          </node>
          <node id="Armature_BakeSpotLight021_1" name="BakeSpotLight021_1" sid="BakeSpotLight021_1" type="JOINT">
            <matrix sid="transform">1.192093E-07 5.960464E-08 -1 150.1173 -0.9167068 -0.3995606 -5.960464E-08 131.6797 -0.3995607 0.9167068 1.192093E-07 12.21036 0 0 0 1</matrix>
          </node>
          <node id="Armature_BakeSpotLight022" name="BakeSpotLight022" sid="BakeSpotLight022" type="JOINT">
            <matrix sid="transform">0.3948246 0.9187564 1.219394E-07 -29.20327 -0.9187564 0.3948246 -8.032023E-08 151.3455 -1.219394E-07 -8.032023E-08 1 699.0392 0 0 0 1</matrix>
          </node>
          <node id="Armature_BakeSpotLight022_1" name="BakeSpotLight022_1" sid="BakeSpotLight022_1" type="JOINT">
            <matrix sid="transform">-0.3948245 -0.9187565 1.39621E-07 29.20333 -0.9187565 0.3948244 -5.304034E-08 151.3455 -6.394628E-09 -1.492193E-07 -1 -699.0392 0 0 0 1</matrix>
          </node>
          <node id="Armature_BakeSpotLight023" name="BakeSpotLight023" sid="BakeSpotLight023" type="JOINT">
            <matrix sid="transform">0.3948246 0.9187564 1.219394E-07 -29.20328 -0.9187564 0.3948246 -8.032023E-08 151.3455 -1.219394E-07 -8.032023E-08 1 669.4433 0 0 0 1</matrix>
          </node>
          <node id="Armature_BakeSpotLight023_1" name="BakeSpotLight023_1" sid="BakeSpotLight023_1" type="JOINT">
            <matrix sid="transform">-0.3948245 -0.9187565 1.39621E-07 29.20333 -0.9187565 0.3948244 -5.304034E-08 151.3455 -6.394628E-09 -1.492193E-07 -1 -669.4433 0 0 0 1</matrix>
          </node>
          <node id="Armature_BakeSpotLight024" name="BakeSpotLight024" sid="BakeSpotLight024" type="JOINT">
            <matrix sid="transform">0.3948246 0.9187564 1.219394E-07 -29.20327 -0.9187564 0.3948246 -8.032023E-08 151.3455 -1.219394E-07 -8.032023E-08 1 752.4364 0 0 0 1</matrix>
          </node>
          <node id="Armature_BakeSpotLight024_1" name="BakeSpotLight024_1" sid="BakeSpotLight024_1" type="JOINT">
            <matrix sid="transform">-0.3948245 -0.9187565 1.39621E-07 29.20333 -0.9187565 0.3948244 -5.304034E-08 151.3455 -6.394628E-09 -1.492193E-07 -1 -752.4364 0 0 0 1</matrix>
          </node>
          <node id="Armature_BakeSpotLight025" name="BakeSpotLight025" sid="BakeSpotLight025" type="JOINT">
            <matrix sid="transform">0.3948246 0.9187564 1.219394E-07 -29.20327 -0.9187564 0.3948246 -8.032023E-08 151.3455 -1.219394E-07 -8.032023E-08 1 722.8405 0 0 0 1</matrix>
          </node>
          <node id="Armature_BakeSpotLight025_1" name="BakeSpotLight025_1" sid="BakeSpotLight025_1" type="JOINT">
            <matrix sid="transform">-0.3948245 -0.9187565 1.39621E-07 29.20333 -0.9187565 0.3948244 -5.304034E-08 151.3455 -6.394628E-09 -1.492193E-07 -1 -722.8405 0 0 0 1</matrix>
          </node>
          <node id="Armature_BakeSpotLight026" name="BakeSpotLight026" sid="BakeSpotLight026" type="JOINT">
            <matrix sid="transform">0.3948246 0.9187564 1.219394E-07 209.5221 -0.9187564 0.3948246 -8.032023E-08 141.082 -1.219394E-07 -8.032023E-08 1 277.6373 0 0 0 1</matrix>
          </node>
          <node id="Armature_BakeSpotLight026_1" name="BakeSpotLight026_1" sid="BakeSpotLight026_1" type="JOINT">
            <matrix sid="transform">-0.3948245 -0.9187565 1.39621E-07 -209.522 -0.9187565 0.3948244 -5.304034E-08 141.082 -6.394628E-09 -1.492193E-07 -1 -277.6374 0 0 0 1</matrix>
          </node>
          <node id="Armature_BakeSpotLight027" name="BakeSpotLight027" sid="BakeSpotLight027" type="JOINT">
            <matrix sid="transform">0.3948246 0.9187564 1.219394E-07 209.342 -0.9187564 0.3948246 -8.032023E-08 140.8789 -1.219394E-07 -8.032023E-08 1 230.1257 0 0 0 1</matrix>
          </node>
          <node id="Armature_BakeSpotLight027_1" name="BakeSpotLight027_1" sid="BakeSpotLight027_1" type="JOINT">
            <matrix sid="transform">-0.3948245 -0.9187565 1.39621E-07 -209.342 -0.9187565 0.3948244 -5.304034E-08 140.8789 -6.394628E-09 -1.492193E-07 -1 -230.1257 0 0 0 1</matrix>
          </node>
          <node id="Armature_BakeSpotLight028" name="BakeSpotLight028" sid="BakeSpotLight028" type="JOINT">
            <matrix sid="transform">-0.3948245 -0.9187565 -2.945426E-07 230.5888 -0.9187565 0.3948244 1.726664E-07 141.082 -4.234576E-08 3.387859E-07 -1 207.4358 0 0 0 1</matrix>
          </node>
          <node id="Armature_BakeSpotLight028_1" name="BakeSpotLight028_1" sid="BakeSpotLight028_1" type="JOINT">
            <matrix sid="transform">0.3948246 0.9187564 0 -230.5888 -0.9187564 0.3948246 0 141.082 0 0 1 -207.4358 0 0 0 1</matrix>
          </node>
          <node id="Armature_BakeSpotLight029" name="BakeSpotLight029" sid="BakeSpotLight029" type="JOINT">
            <matrix sid="transform">-0.3948245 -0.9187565 -2.945426E-07 230.7688 -0.9187565 0.3948244 1.726664E-07 140.8789 -4.234576E-08 3.387859E-07 -1 250.7836 0 0 0 1</matrix>
          </node>
          <node id="Armature_BakeSpotLight029_1" name="BakeSpotLight029_1" sid="BakeSpotLight029_1" type="JOINT">
            <matrix sid="transform">0.3948246 0.9187564 0 -230.7688 -0.9187564 0.3948246 0 140.8789 0 0 1 -250.7836 0 0 0 1</matrix>
          </node>
          <node id="Armature_BakeSpotLight030" name="BakeSpotLight030" sid="BakeSpotLight030" type="JOINT">
            <matrix sid="transform">8.940697E-08 3.576279E-07 -1 178.1949 -0.9187564 0.3948248 5.960464E-08 141.082 0.3948248 0.9187564 3.576279E-07 282.0488 0 0 0 1</matrix>
          </node>
          <node id="Armature_BakeSpotLight030_1" name="BakeSpotLight030_1" sid="BakeSpotLight030_1" type="JOINT">
            <matrix sid="transform">2.980232E-07 1.192093E-07 1 -178.1949 -0.9187565 0.3948248 1.490116E-07 141.082 -0.3948248 -0.9187565 2.980232E-07 -282.0488 0 0 0 1</matrix>
          </node>
          <node id="Armature_BakeSpotWallLight032" name="BakeSpotWallLight032" sid="BakeSpotWallLight032" type="JOINT">
            <matrix sid="transform">7.54979E-08 1 8.742278E-08 410.1621 -1 7.549791E-08 -8.742277E-08 87.00558 -8.742278E-08 -8.742277E-08 1 361.4434 0 0 0 1</matrix>
          </node>
          <node id="Armature_BakeSpotWallLight032_1" name="BakeSpotWallLight032_1" sid="BakeSpotWallLight032_1" type="JOINT">
            <matrix sid="transform">1.192093E-07 -0.9999999 2.560554E-08 -410.1621 -0.9999999 -1.788139E-07 -1.4924E-07 87.00558 1.4924E-07 -2.560552E-08 -1 -361.4435 0 0 0 1</matrix>
          </node>
          <node id="Armature_BakeSpotWallLight033" name="BakeSpotWallLight033" sid="BakeSpotWallLight033" type="JOINT">
            <matrix sid="transform">7.54979E-08 1 8.742278E-08 434.9986 -1 7.549791E-08 -8.742277E-08 87.00558 -8.742278E-08 -8.742277E-08 1 383.1143 0 0 0 1</matrix>
          </node>
          <node id="Armature_BakeSpotWallLight033_1" name="BakeSpotWallLight033_1" sid="BakeSpotWallLight033_1" type="JOINT">
            <matrix sid="transform">1.192093E-07 -0.9999999 2.560554E-08 -434.9986 -0.9999999 -1.788139E-07 -1.4924E-07 87.00558 1.4924E-07 -2.560552E-08 -1 -383.1143 0 0 0 1</matrix>
          </node>
          <node id="Armature_BakeSpotWallLight034" name="BakeSpotWallLight034" sid="BakeSpotWallLight034" type="JOINT">
            <matrix sid="transform">7.54979E-08 1 8.742278E-08 434.9986 -1 7.549791E-08 -8.742277E-08 87.00558 -8.742278E-08 -8.742277E-08 1 337.475 0 0 0 1</matrix>
          </node>
          <node id="Armature_BakeSpotWallLight034_1" name="BakeSpotWallLight034_1" sid="BakeSpotWallLight034_1" type="JOINT">
            <matrix sid="transform">1.192093E-07 -0.9999999 2.560554E-08 -434.9986 -0.9999999 -1.788139E-07 -1.4924E-07 87.00558 1.4924E-07 -2.560552E-08 -1 -337.4751 0 0 0 1</matrix>
          </node>
          <node id="Armature_BakeSpotWallLight035" name="BakeSpotWallLight035" sid="BakeSpotWallLight035" type="JOINT">
            <matrix sid="transform">7.54979E-08 -1 8.742278E-08 410.1621 1 7.549791E-08 8.742277E-08 94.77029 -8.742278E-08 8.742277E-08 1 361.4434 0 0 0 1</matrix>
          </node>
          <node id="Armature_BakeSpotWallLight035_1" name="BakeSpotWallLight035_1" sid="BakeSpotWallLight035_1" type="JOINT">
            <matrix sid="transform">1.192093E-07 0.9999999 -1.067701E-07 -410.1621 0.9999999 -1.788139E-07 1.067702E-07 94.77029 1.067702E-07 -1.067702E-07 -1 -361.4435 0 0 0 1</matrix>
          </node>
          <node id="Armature_BakeSpotWallLight036" name="BakeSpotWallLight036" sid="BakeSpotWallLight036" type="JOINT">
            <matrix sid="transform">7.54979E-08 -1 8.742278E-08 434.9986 1 7.549791E-08 8.742277E-08 94.77029 -8.742278E-08 8.742277E-08 1 383.1143 0 0 0 1</matrix>
          </node>
          <node id="Armature_BakeSpotWallLight036_1" name="BakeSpotWallLight036_1" sid="BakeSpotWallLight036_1" type="JOINT">
            <matrix sid="transform">1.192093E-07 0.9999999 -1.067701E-07 -434.9986 0.9999999 -1.788139E-07 1.067702E-07 94.77029 1.067702E-07 -1.067702E-07 -1 -383.1143 0 0 0 1</matrix>
          </node>
          <node id="Armature_BakeSpotWallLight037" name="BakeSpotWallLight037" sid="BakeSpotWallLight037" type="JOINT">
            <matrix sid="transform">7.54979E-08 -1 8.742278E-08 434.9986 1 7.549791E-08 8.742277E-08 94.77029 -8.742278E-08 8.742277E-08 1 337.475 0 0 0 1</matrix>
          </node>
          <node id="Armature_BakeSpotWallLight037_1" name="BakeSpotWallLight037_1" sid="BakeSpotWallLight037_1" type="JOINT">
            <matrix sid="transform">1.192093E-07 0.9999999 -1.067701E-07 -434.9986 0.9999999 -1.788139E-07 1.067702E-07 94.77029 1.067702E-07 -1.067702E-07 -1 -337.4751 0 0 0 1</matrix>
          </node>
          <node id="Armature_BakeSpotWallLight038" name="BakeSpotWallLight038" sid="BakeSpotWallLight038" type="JOINT">
            <matrix sid="transform">7.54979E-08 1 8.742278E-08 410.1621 -1 7.549791E-08 -8.742277E-08 -72.00811 -8.742278E-08 -8.742277E-08 1 361.4434 0 0 0 1</matrix>
          </node>
          <node id="Armature_BakeSpotWallLight038_1" name="BakeSpotWallLight038_1" sid="BakeSpotWallLight038_1" type="JOINT">
            <matrix sid="transform">1.192093E-07 -0.9999999 2.560554E-08 -410.1621 -0.9999999 -1.788139E-07 -1.4924E-07 -72.00811 1.4924E-07 -2.560552E-08 -1 -361.4435 0 0 0 1</matrix>
          </node>
          <node id="Armature_BakeSpotWallLight039" name="BakeSpotWallLight039" sid="BakeSpotWallLight039" type="JOINT">
            <matrix sid="transform">7.54979E-08 1 8.742278E-08 434.9986 -1 7.549791E-08 -8.742277E-08 -72.00811 -8.742278E-08 -8.742277E-08 1 383.1143 0 0 0 1</matrix>
          </node>
          <node id="Armature_BakeSpotWallLight039_1" name="BakeSpotWallLight039_1" sid="BakeSpotWallLight039_1" type="JOINT">
            <matrix sid="transform">1.192093E-07 -0.9999999 2.560554E-08 -434.9986 -0.9999999 -1.788139E-07 -1.4924E-07 -72.00811 1.4924E-07 -2.560552E-08 -1 -383.1143 0 0 0 1</matrix>
          </node>
          <node id="Armature_BakeSpotWallLight040" name="BakeSpotWallLight040" sid="BakeSpotWallLight040" type="JOINT">
            <matrix sid="transform">7.54979E-08 1 8.742278E-08 434.9986 -1 7.549791E-08 -8.742277E-08 -72.00811 -8.742278E-08 -8.742277E-08 1 337.475 0 0 0 1</matrix>
          </node>
          <node id="Armature_BakeSpotWallLight040_1" name="BakeSpotWallLight040_1" sid="BakeSpotWallLight040_1" type="JOINT">
            <matrix sid="transform">1.192093E-07 -0.9999999 2.560554E-08 -434.9986 -0.9999999 -1.788139E-07 -1.4924E-07 -72.00811 1.4924E-07 -2.560552E-08 -1 -337.4751 0 0 0 1</matrix>
          </node>
          <node id="Armature_BakeSpotWallLight041" name="BakeSpotWallLight041" sid="BakeSpotWallLight041" type="JOINT">
            <matrix sid="transform">7.54979E-08 -1 8.742278E-08 410.1621 1 7.549791E-08 8.742277E-08 -64.24341 -8.742278E-08 8.742277E-08 1 361.4434 0 0 0 1</matrix>
          </node>
          <node id="Armature_BakeSpotWallLight041_1" name="BakeSpotWallLight041_1" sid="BakeSpotWallLight041_1" type="JOINT">
            <matrix sid="transform">1.192093E-07 0.9999999 -1.067701E-07 -410.1621 0.9999999 -1.788139E-07 1.067702E-07 -64.24341 1.067702E-07 -1.067702E-07 -1 -361.4435 0 0 0 1</matrix>
          </node>
          <node id="Armature_BakeSpotWallLight042" name="BakeSpotWallLight042" sid="BakeSpotWallLight042" type="JOINT">
            <matrix sid="transform">7.54979E-08 -1 8.742278E-08 434.9986 1 7.549791E-08 8.742277E-08 -64.24341 -8.742278E-08 8.742277E-08 1 383.1143 0 0 0 1</matrix>
          </node>
          <node id="Armature_BakeSpotWallLight042_1" name="BakeSpotWallLight042_1" sid="BakeSpotWallLight042_1" type="JOINT">
            <matrix sid="transform">1.192093E-07 0.9999999 -1.067701E-07 -434.9986 0.9999999 -1.788139E-07 1.067702E-07 -64.24341 1.067702E-07 -1.067702E-07 -1 -383.1143 0 0 0 1</matrix>
          </node>
          <node id="Armature_BakeSpotWallLight043" name="BakeSpotWallLight043" sid="BakeSpotWallLight043" type="JOINT">
            <matrix sid="transform">7.54979E-08 -1 8.742278E-08 434.9986 1 7.549791E-08 8.742277E-08 -64.24341 -8.742278E-08 8.742277E-08 1 337.475 0 0 0 1</matrix>
          </node>
          <node id="Armature_BakeSpotWallLight043_1" name="BakeSpotWallLight043_1" sid="BakeSpotWallLight043_1" type="JOINT">
            <matrix sid="transform">1.192093E-07 0.9999999 -1.067701E-07 -434.9986 0.9999999 -1.788139E-07 1.067702E-07 -64.24341 1.067702E-07 -1.067702E-07 -1 -337.4751 0 0 0 1</matrix>
          </node>
          <node id="Armature_BakeSpotWallLight044" name="BakeSpotWallLight044" sid="BakeSpotWallLight044" type="JOINT">
            <matrix sid="transform">7.54979E-08 1 6.352747E-22 -37.72895 -1 7.54979E-08 -3.821371E-15 -80.52531 -3.821371E-15 -2.117582E-22 1 646.7693 0 0 0 1</matrix>
          </node>
          <node id="Armature_BakeSpotWallLight044_1" name="BakeSpotWallLight044_1" sid="BakeSpotWallLight044_1" type="JOINT">
            <matrix sid="transform">1.192093E-07 -1 4.700648E-07 37.729 -1 1.192093E-07 8.065035E-08 -80.52531 -8.065035E-08 -4.700648E-07 -1 -646.7693 0 0 0 1</matrix>
          </node>
          <node id="Armature_BakeSpotWallLight045" name="BakeSpotWallLight045" sid="BakeSpotWallLight045" type="JOINT">
            <matrix sid="transform">7.54979E-08 1 8.742278E-08 -444.3135 -1 7.549791E-08 -8.742277E-08 -80.52531 -8.742278E-08 -8.742277E-08 1 646.7693 0 0 0 1</matrix>
          </node>
          <node id="Armature_BakeSpotWallLight045_1" name="BakeSpotWallLight045_1" sid="BakeSpotWallLight045_1" type="JOINT">
            <matrix sid="transform">1.192093E-07 -0.9999999 2.560554E-08 444.3136 -0.9999999 -1.788139E-07 -1.4924E-07 -80.52531 1.4924E-07 -2.560552E-08 -1 -646.7693 0 0 0 1</matrix>
          </node>
          <node id="Armature_BakeSpotWallLight046" name="BakeSpotWallLight046" sid="BakeSpotWallLight046" type="JOINT">
            <matrix sid="transform">7.54979E-08 1 8.742278E-08 -462.8573 -1 7.549791E-08 -8.742277E-08 -80.52531 -8.742278E-08 -8.742277E-08 1 271.7457 0 0 0 1</matrix>
          </node>
          <node id="Armature_BakeSpotWallLight046_1" name="BakeSpotWallLight046_1" sid="BakeSpotWallLight046_1" type="JOINT">
            <matrix sid="transform">1.192093E-07 -0.9999999 2.560554E-08 462.8574 -0.9999999 -1.788139E-07 -1.4924E-07 -80.52531 1.4924E-07 -2.560552E-08 -1 -271.7457 0 0 0 1</matrix>
          </node>
          <node id="Armature_BakeSpotWallLight047" name="BakeSpotWallLight047" sid="BakeSpotWallLight047" type="JOINT">
            <matrix sid="transform">7.54979E-08 -1 8.742278E-08 -462.8573 1 7.549791E-08 8.742277E-08 -72.36007 -8.742278E-08 8.742277E-08 1 271.7457 0 0 0 1</matrix>
          </node>
          <node id="Armature_BakeSpotWallLight047_1" name="BakeSpotWallLight047_1" sid="BakeSpotWallLight047_1" type="JOINT">
            <matrix sid="transform">1.192093E-07 0.9999999 -1.067701E-07 462.8574 0.9999999 -1.788139E-07 1.067702E-07 -72.36007 1.067702E-07 -1.067702E-07 -1 -271.7457 0 0 0 1</matrix>
          </node>
          <node id="Armature_BakeSpotWallLight048" name="BakeSpotWallLight048" sid="BakeSpotWallLight048" type="JOINT">
            <matrix sid="transform">7.54979E-08 -1 8.742278E-08 -444.3135 1 7.549791E-08 8.742277E-08 -72.76447 -8.742278E-08 8.742277E-08 1 646.7693 0 0 0 1</matrix>
          </node>
          <node id="Armature_BakeSpotWallLight048_1" name="BakeSpotWallLight048_1" sid="BakeSpotWallLight048_1" type="JOINT">
            <matrix sid="transform">1.192093E-07 0.9999999 -1.067701E-07 444.3136 0.9999999 -1.788139E-07 1.067702E-07 -72.76447 1.067702E-07 -1.067702E-07 -1 -646.7693 0 0 0 1</matrix>
          </node>
          <node id="Armature_BakeSpotWallLight049" name="BakeSpotWallLight049" sid="BakeSpotWallLight049" type="JOINT">
            <matrix sid="transform">7.549791E-08 -1 1.748456E-07 -37.72895 1 7.549791E-08 -1.421085E-14 -72.75101 0 1.748456E-07 1 646.7693 0 0 0 1</matrix>
          </node>
          <node id="Armature_BakeSpotWallLight049_1" name="BakeSpotWallLight049_1" sid="BakeSpotWallLight049_1" type="JOINT">
            <matrix sid="transform">1.192093E-07 1 -4.700648E-07 37.729 1 1.192093E-07 8.065035E-08 -72.75101 8.065035E-08 -4.700648E-07 -1 -646.7693 0 0 0 1</matrix>
          </node>
          <node id="Armature_BakeSpotWallLight050" name="BakeSpotWallLight050" sid="BakeSpotWallLight050" type="JOINT">
            <matrix sid="transform">7.54979E-08 -1 8.742278E-08 -701.2424 1 7.549791E-08 8.742277E-08 -72.79499 -8.742278E-08 8.742277E-08 1 112.9857 0 0 0 1</matrix>
          </node>
          <node id="Armature_BakeSpotWallLight050_1" name="BakeSpotWallLight050_1" sid="BakeSpotWallLight050_1" type="JOINT">
            <matrix sid="transform">1.192093E-07 0.9999999 -1.067701E-07 701.2424 0.9999999 -1.788139E-07 1.067702E-07 -72.79499 1.067702E-07 -1.067702E-07 -1 -112.9857 0 0 0 1</matrix>
          </node>
          <node id="Armature_BakeSpotWallLight051" name="BakeSpotWallLight051" sid="BakeSpotWallLight051" type="JOINT">
            <matrix sid="transform">7.54979E-08 1 8.742278E-08 -701.2424 -1 7.549791E-08 -8.742277E-08 -80.96023 -8.742278E-08 -8.742277E-08 1 112.9857 0 0 0 1</matrix>
          </node>
          <node id="Armature_BakeSpotWallLight051_1" name="BakeSpotWallLight051_1" sid="BakeSpotWallLight051_1" type="JOINT">
            <matrix sid="transform">1.192093E-07 -0.9999999 2.560554E-08 701.2424 -0.9999999 -1.788139E-07 -1.4924E-07 -80.96023 1.4924E-07 -2.560552E-08 -1 -112.9857 0 0 0 1</matrix>
          </node>
          <node id="Armature_BakeSpotWallLight052" name="BakeSpotWallLight052" sid="BakeSpotWallLight052" type="JOINT">
            <matrix sid="transform">7.54979E-08 -1 8.742278E-08 -701.2424 1 7.549791E-08 8.742277E-08 -72.79499 -8.742278E-08 8.742277E-08 1 36.05066 0 0 0 1</matrix>
          </node>
          <node id="Armature_BakeSpotWallLight052_1" name="BakeSpotWallLight052_1" sid="BakeSpotWallLight052_1" type="JOINT">
            <matrix sid="transform">1.192093E-07 0.9999999 -1.067701E-07 701.2424 0.9999999 -1.788139E-07 1.067702E-07 -72.79499 1.067702E-07 -1.067702E-07 -1 -36.05059 0 0 0 1</matrix>
          </node>
          <node id="Armature_BakeSpotWallLight053" name="BakeSpotWallLight053" sid="BakeSpotWallLight053" type="JOINT">
            <matrix sid="transform">7.54979E-08 1 8.742278E-08 -701.2424 -1 7.549791E-08 -8.742277E-08 -80.96023 -8.742278E-08 -8.742277E-08 1 36.05066 0 0 0 1</matrix>
          </node>
          <node id="Armature_BakeSpotWallLight053_1" name="BakeSpotWallLight053_1" sid="BakeSpotWallLight053_1" type="JOINT">
            <matrix sid="transform">1.192093E-07 -0.9999999 2.560554E-08 701.2424 -0.9999999 -1.788139E-07 -1.4924E-07 -80.96023 1.4924E-07 -2.560552E-08 -1 -36.05059 0 0 0 1</matrix>
          </node>
          <node id="Armature_BakeSpotWallLight054" name="BakeSpotWallLight054" sid="BakeSpotWallLight054" type="JOINT">
            <matrix sid="transform">7.54979E-08 -1 8.742278E-08 -412.6595 1 7.549791E-08 8.742277E-08 -131.369 -8.742278E-08 8.742277E-08 1 26.77888 0 0 0 1</matrix>
          </node>
          <node id="Armature_BakeSpotWallLight054_1" name="BakeSpotWallLight054_1" sid="BakeSpotWallLight054_1" type="JOINT">
            <matrix sid="transform">1.192093E-07 0.9999999 -1.067701E-07 412.6595 0.9999999 -1.788139E-07 1.067702E-07 -131.369 1.067702E-07 -1.067702E-07 -1 -26.77884 0 0 0 1</matrix>
          </node>
          <node id="Armature_BakeSpotWallLight055" name="BakeSpotWallLight055" sid="BakeSpotWallLight055" type="JOINT">
            <matrix sid="transform">7.54979E-08 1 8.742278E-08 -412.6595 -1 7.549791E-08 -8.742277E-08 -139.5343 -8.742278E-08 -8.742277E-08 1 26.77888 0 0 0 1</matrix>
          </node>
          <node id="Armature_BakeSpotWallLight055_1" name="BakeSpotWallLight055_1" sid="BakeSpotWallLight055_1" type="JOINT">
            <matrix sid="transform">1.192093E-07 -0.9999999 2.560554E-08 412.6595 -0.9999999 -1.788139E-07 -1.4924E-07 -139.5343 1.4924E-07 -2.560552E-08 -1 -26.77884 0 0 0 1</matrix>
          </node>
          <node id="Armature_BakeSpotWallLight056" name="BakeSpotWallLight056" sid="BakeSpotWallLight056" type="JOINT">
            <matrix sid="transform">7.54979E-08 -1 8.742278E-08 -412.6595 1 7.549791E-08 8.742277E-08 -131.369 -8.742278E-08 8.742277E-08 1 -70.18266 0 0 0 1</matrix>
          </node>
          <node id="Armature_BakeSpotWallLight056_1" name="BakeSpotWallLight056_1" sid="BakeSpotWallLight056_1" type="JOINT">
            <matrix sid="transform">1.192093E-07 0.9999999 -1.067701E-07 412.6595 0.9999999 -1.788139E-07 1.067702E-07 -131.369 1.067702E-07 -1.067702E-07 -1 70.18269 0 0 0 1</matrix>
          </node>
          <node id="Armature_BakeSpotWallLight057" name="BakeSpotWallLight057" sid="BakeSpotWallLight057" type="JOINT">
            <matrix sid="transform">7.54979E-08 1 8.742278E-08 -412.6595 -1 7.549791E-08 -8.742277E-08 -139.5343 -8.742278E-08 -8.742277E-08 1 -70.18266 0 0 0 1</matrix>
          </node>
          <node id="Armature_BakeSpotWallLight057_1" name="BakeSpotWallLight057_1" sid="BakeSpotWallLight057_1" type="JOINT">
            <matrix sid="transform">1.192093E-07 -0.9999999 2.560554E-08 412.6595 -0.9999999 -1.788139E-07 -1.4924E-07 -139.5343 1.4924E-07 -2.560552E-08 -1 70.18269 0 0 0 1</matrix>
          </node>
          <node id="Armature_BakeSpotWallLight058" name="BakeSpotWallLight058" sid="BakeSpotWallLight058" type="JOINT">
            <matrix sid="transform">7.54979E-08 -1 8.742278E-08 -437.2805 1 7.549791E-08 8.742277E-08 -131.369 -8.742278E-08 8.742277E-08 1 -102.7581 0 0 0 1</matrix>
          </node>
          <node id="Armature_BakeSpotWallLight058_1" name="BakeSpotWallLight058_1" sid="BakeSpotWallLight058_1" type="JOINT">
            <matrix sid="transform">1.192093E-07 0.9999999 -1.067701E-07 437.2805 0.9999999 -1.788139E-07 1.067702E-07 -131.369 1.067702E-07 -1.067702E-07 -1 102.7582 0 0 0 1</matrix>
          </node>
          <node id="Armature_BakeSpotWallLight059" name="BakeSpotWallLight059" sid="BakeSpotWallLight059" type="JOINT">
            <matrix sid="transform">7.54979E-08 1 8.742278E-08 -437.2805 -1 7.549791E-08 -8.742277E-08 -139.5343 -8.742278E-08 -8.742277E-08 1 -102.7581 0 0 0 1</matrix>
          </node>
          <node id="Armature_BakeSpotWallLight059_1" name="BakeSpotWallLight059_1" sid="BakeSpotWallLight059_1" type="JOINT">
            <matrix sid="transform">1.192093E-07 -0.9999999 2.560554E-08 437.2805 -0.9999999 -1.788139E-07 -1.4924E-07 -139.5343 1.4924E-07 -2.560552E-08 -1 102.7582 0 0 0 1</matrix>
          </node>
          <node id="Armature_BakeSpotWallLight060" name="BakeSpotWallLight060" sid="BakeSpotWallLight060" type="JOINT">
            <matrix sid="transform">7.54979E-08 -1 8.742278E-08 -519.3902 1 7.549791E-08 8.742277E-08 -131.369 -8.742278E-08 8.742277E-08 1 -102.7581 0 0 0 1</matrix>
          </node>
          <node id="Armature_BakeSpotWallLight060_1" name="BakeSpotWallLight060_1" sid="BakeSpotWallLight060_1" type="JOINT">
            <matrix sid="transform">1.192093E-07 0.9999999 -1.067701E-07 519.3902 0.9999999 -1.788139E-07 1.067702E-07 -131.369 1.067702E-07 -1.067702E-07 -1 102.7582 0 0 0 1</matrix>
          </node>
          <node id="Armature_BakeSpotWallLight061" name="BakeSpotWallLight061" sid="BakeSpotWallLight061" type="JOINT">
            <matrix sid="transform">7.54979E-08 1 8.742278E-08 -519.3902 -1 7.549791E-08 -8.742277E-08 -139.5343 -8.742278E-08 -8.742277E-08 1 -102.7581 0 0 0 1</matrix>
          </node>
          <node id="Armature_BakeSpotWallLight061_1" name="BakeSpotWallLight061_1" sid="BakeSpotWallLight061_1" type="JOINT">
            <matrix sid="transform">1.192093E-07 -0.9999999 2.560554E-08 519.3902 -0.9999999 -1.788139E-07 -1.4924E-07 -139.5343 1.4924E-07 -2.560552E-08 -1 102.7582 0 0 0 1</matrix>
          </node>
          <node id="Armature_BakeSpotWallLight062" name="BakeSpotWallLight062" sid="BakeSpotWallLight062" type="JOINT">
            <matrix sid="transform">7.54979E-08 -1 8.742278E-08 -412.6595 1 7.549791E-08 8.742277E-08 -131.369 -8.742278E-08 8.742277E-08 1 124.9963 0 0 0 1</matrix>
          </node>
          <node id="Armature_BakeSpotWallLight062_1" name="BakeSpotWallLight062_1" sid="BakeSpotWallLight062_1" type="JOINT">
            <matrix sid="transform">1.192093E-07 0.9999999 -1.067701E-07 412.6595 0.9999999 -1.788139E-07 1.067702E-07 -131.369 1.067702E-07 -1.067702E-07 -1 -124.9963 0 0 0 1</matrix>
          </node>
          <node id="Armature_BakeSpotWallLight063" name="BakeSpotWallLight063" sid="BakeSpotWallLight063" type="JOINT">
            <matrix sid="transform">7.54979E-08 1 8.742278E-08 -412.6595 -1 7.549791E-08 -8.742277E-08 -139.5343 -8.742278E-08 -8.742277E-08 1 124.9963 0 0 0 1</matrix>
          </node>
          <node id="Armature_BakeSpotWallLight063_1" name="BakeSpotWallLight063_1" sid="BakeSpotWallLight063_1" type="JOINT">
            <matrix sid="transform">1.192093E-07 -0.9999999 2.560554E-08 412.6595 -0.9999999 -1.788139E-07 -1.4924E-07 -139.5343 1.4924E-07 -2.560552E-08 -1 -124.9963 0 0 0 1</matrix>
          </node>
          <node id="Armature_BakeSpotWallLight064" name="BakeSpotWallLight064" sid="BakeSpotWallLight064" type="JOINT">
            <matrix sid="transform">7.54979E-08 -1 0 179.0879 1 7.54979E-08 0 -107.509 0 0 1 996.252 0 0 0 1</matrix>
          </node>
          <node id="Armature_BakeSpotWallLight065" name="BakeSpotWallLight065" sid="BakeSpotWallLight065" type="JOINT">
            <matrix sid="transform">7.54979E-08 1 0 179.0879 -1 7.54979E-08 0 -115.2833 0 0 1 996.252 0 0 0 1</matrix>
          </node>
          <node id="Armature_BakeSpotWallLight066" name="BakeSpotWallLight066" sid="BakeSpotWallLight066" type="JOINT">
            <matrix sid="transform">7.54979E-08 -1 0 -176.4099 1 7.54979E-08 0 -107.509 0 0 1 996.252 0 0 0 1</matrix>
          </node>
          <node id="Armature_BakeSpotWallLight067" name="BakeSpotWallLight067" sid="BakeSpotWallLight067" type="JOINT">
            <matrix sid="transform">7.54979E-08 1 0 -176.4099 -1 7.54979E-08 0 -115.2833 0 0 1 996.252 0 0 0 1</matrix>
          </node>
        </node>
      </node>
    </visual_scene>
  </library_visual_scenes>
  <scene>
    <instance_visual_scene url="#Scene" />
  </scene>
</COLLADA>